[gd_scene load_steps=11 format=3 uid="uid://bocxk78vocmjq"]

[ext_resource type="PackedScene" uid="uid://cgfgx01ebktag" path="res://Scenes/player.tscn" id="1_b2jon"]
[ext_resource type="PackedScene" uid="uid://bk1t22g35fiax" path="res://Props/Tree01.glb" id="3_1qfrd"]
[ext_resource type="Script" path="res://Scripts/enemy_test.gd" id="3_t7efo"]
[ext_resource type="PackedScene" uid="uid://cgmeuhst7ec6p" path="res://Props/Bench02.glb" id="4_o748t"]

[sub_resource type="PhysicalSkyMaterial" id="PhysicalSkyMaterial_tjy0b"]

[sub_resource type="Sky" id="Sky_d8vbg"]
sky_material = SubResource("PhysicalSkyMaterial_tjy0b")

[sub_resource type="Environment" id="Environment_ful8f"]
background_mode = 2
sky = SubResource("Sky_d8vbg")
fog_enabled = true
volumetric_fog_enabled = true
volumetric_fog_density = 0.08

[sub_resource type="BoxShape3D" id="BoxShape3D_0qtmf"]
size = Vector3(100, 1, 100)

[sub_resource type="StandardMaterial3D" id="StandardMaterial3D_rgrgm"]
albedo_color = Color(0, 0, 0, 1)

[sub_resource type="SphereShape3D" id="SphereShape3D_34m0a"]

[node name="main" type="Node3D"]
transform = Transform3D(1, 0, 0, 0, 1, 0, 0, 0, 1, 0, 0.260398, 0)

[node name="Fog" type="Node3D" parent="."]

[node name="WorldEnvironment" type="WorldEnvironment" parent="Fog"]
environment = SubResource("Environment_ful8f")

[node name="FogVolume" type="FogVolume" parent="Fog"]
transform = Transform3D(1, 0, 0, 0, 1.72355, 0, 0, 0, 6.97289, -5.46175, 2.15543, -7.68756)

[node name="Player" parent="." groups=["player"] instance=ExtResource("1_b2jon")]

[node name="Ground" type="StaticBody3D" parent="."]

[node name="CollisionShape3D" type="CollisionShape3D" parent="Ground"]
shape = SubResource("BoxShape3D_0qtmf")

[node name="CSGBox3D" type="CSGBox3D" parent="Ground"]
material_override = SubResource("StandardMaterial3D_rgrgm")
size = Vector3(100, 1, 100)

[node name="DirectionalLight3D" type="DirectionalLight3D" parent="."]
transform = Transform3D(1, 0, 0, 0, 0.5, 0.866025, 0, -0.866025, 0.5, 0, 26.4065, 40.764)

[node name="Enemy" type="CharacterBody3D" parent="." groups=["enemy"]]
transform = Transform3D(1, 0, 0, 0, 1, 0, 0, 0, 1, 0.613146, 2.2619, -13.8164)
collision_layer = 4
collision_mask = 3
script = ExtResource("3_t7efo")
speed = 5

[node name="CollisionShape3D" type="CollisionShape3D" parent="Enemy"]
transform = Transform3D(1.285, 0, 0, 0, 1.285, 0, 0, 0, 1.285, -0.220716, 0.143245, -0.110284)
visibility_parent = NodePath("../CSGSphere3D")
shape = SubResource("SphereShape3D_34m0a")

[node name="CSGSphere3D" type="CSGSphere3D" parent="Enemy"]
transform = Transform3D(1, 0, 0, 0, 1, 0, 0, 0, 1, -0.203319, 0.130224, 0)

[node name="Tree01" parent="." instance=ExtResource("3_1qfrd")]
transform = Transform3D(0.956682, 0, -0.291136, 0, 1, 0, 0.291136, 0, 0.956682, -22.4231, 1.61097, 18.6813)

[node name="Tree02" parent="." instance=ExtResource("3_1qfrd")]
transform = Transform3D(0.785209, 0, 0.619231, 0, 1, 0, -0.619231, 0, 0.785209, -19.2732, 1.61097, 21.6707)

[node name="Tree03" parent="." instance=ExtResource("3_1qfrd")]
transform = Transform3D(0.50142, 0, 0.865204, 0, 1, 0, -0.865204, 0, 0.50142, -14.024, 1.61097, 23.8683)

[node name="Bench02" parent="." instance=ExtResource("4_o748t")]
transform = Transform3D(0.806279, 0, -0.591535, 0, 1, 0, 0.591535, 0, 0.806279, -16.9577, 1.18473, 16.7051)

[node name="Cameras" type="Node" parent="."]
